3354.998535 3409.998535 3464.998535 3519.998535 3574.998535 3629.998535 3684.998535 3739.998535 3794.998535 3849.998535 
7954.998535 8109.998535 8264.998047 8419.998047 8574.998047 8729.998047 8884.998047 9039.998047 9194.998047 9349.998047 
12554.998047 12809.998047 13064.998047 13319.998047 13574.998047 13829.998047 14084.998047 14339.998047 14594.998047 14849.998047 
17154.998047 17509.998047 17864.998047 18219.998047 18574.998047 18929.998047 19284.998047 19639.998047 19994.998047 20349.998047 
21754.998047 22209.998047 22664.998047 23119.998047 23574.998047 24029.998047 24484.998047 24939.998047 25394.998047 25849.998047 
26354.998047 26909.998047 27464.998047 28019.998047 28574.998047 29129.998047 29684.998047 30239.998047 30794.998047 31349.998047 
30954.998047 31609.998047 32264.998047 32920.000000 33575.000000 34230.000000 34885.000000 35540.000000 36195.000000 36850.000000 
35555.000000 36310.000000 37065.000000 37820.000000 38575.000000 39330.000000 40085.000000 40840.000000 41595.000000 42350.000000 
40155.000000 41010.000000 41865.000000 42720.000000 43575.000000 44430.000000 45285.000000 46140.000000 46995.000000 47850.000000 
44755.000000 45710.000000 46665.000000 47620.000000 48575.000000 49530.000000 50485.000000 51440.000000 52395.000000 53350.000000 
