2.000000 4.000000 6.000000 8.000000 10.000000 12.000000 14.000000 16.000000 18.000000 20.000000 
22.000000 24.000000 26.000000 28.000000 30.000000 32.000000 34.000000 36.000000 38.000000 40.000000 
42.000000 44.000000 46.000000 48.000000 50.000000 52.000000 54.000000 56.000000 58.000000 60.000000 
62.000000 64.000000 66.000000 68.000000 70.000000 72.000000 74.000000 76.000000 78.000000 80.000000 
82.000000 84.000000 86.000000 88.000000 90.000000 92.000000 94.000000 96.000000 98.000000 100.000000 
102.000000 104.000000 106.000000 108.000000 110.000000 112.000000 114.000000 116.000000 118.000000 120.000000 
122.000000 124.000000 126.000000 128.000000 130.000000 132.000000 134.000000 136.000000 138.000000 140.000000 
142.000000 144.000000 146.000000 148.000000 150.000000 152.000000 154.000000 156.000000 158.000000 160.000000 
162.000000 164.000000 166.000000 168.000000 170.000000 172.000000 174.000000 176.000000 178.000000 180.000000 
182.000000 184.000000 186.000000 188.000000 190.000000 192.000000 194.000000 196.000000 198.000000 200.000000 
0.000000 0.000000 0.000000 0.000000 0.000000 0.000000 0.000000 0.000000 0.000000 0.000000 
0.000000 0.000000 0.000000 0.000000 0.000000 0.000000 0.000000 0.000000 0.000000 0.000000 
0.000000 0.000000 0.000000 0.000000 0.000000 0.000000 0.000000 0.000000 0.000000 0.000000 
0.000000 0.000000 0.000000 0.000000 0.000000 0.000000 0.000000 0.000000 0.000000 0.000000 
0.000000 0.000000 0.000000 0.000000 0.000000 0.000000 0.000000 0.000000 0.000000 0.000000 
0.000000 0.000000 0.000000 0.000000 0.000000 0.000000 0.000000 0.000000 0.000000 0.000000 
0.000000 0.000000 0.000000 0.000000 0.000000 0.000000 0.000000 0.000000 0.000000 0.000000 
0.000000 0.000000 0.000000 0.000000 0.000000 0.000000 0.000000 0.000000 0.000000 0.000000 
0.000000 0.000000 0.000000 0.000000 0.000000 0.000000 0.000000 0.000000 0.000000 0.000000 
0.000000 0.000000 0.000000 0.000000 0.000000 0.000000 0.000000 0.000000 0.000000 0.000000 
4.140000 5.140000 6.140000 7.140000 8.140000 9.140000 10.140000 11.140000 12.140000 13.140000 
14.140000 15.140000 16.139999 17.139999 18.139999 19.139999 20.139999 21.139999 22.139999 23.139999 
24.139999 25.139999 26.139999 27.139999 28.139999 29.139999 30.139999 31.139999 32.139999 33.139999 
34.139999 35.139999 36.139999 37.139999 38.139999 39.139999 40.139999 41.139999 42.139999 43.139999 
44.139999 45.139999 46.139999 47.139999 48.139999 49.139999 50.139999 51.139999 52.139999 53.139999 
54.139999 55.139999 56.139999 57.139999 58.139999 59.139999 60.139999 61.139999 62.139999 63.139999 
64.139999 65.139999 66.139999 67.139999 68.139999 69.139999 70.139999 71.139999 72.139999 73.139999 
74.139999 75.139999 76.139999 77.139999 78.139999 79.139999 80.139999 81.139999 82.139999 83.139999 
84.139999 85.139999 86.139999 87.139999 88.139999 89.139999 90.139999 91.139999 92.139999 93.139999 
94.139999 95.139999 96.139999 97.139999 98.139999 99.139999 100.139999 101.139999 102.139999 103.139999 
-2.140000 -1.140000 -0.140000 0.860000 1.860000 2.860000 3.860000 4.860000 5.860000 6.860000 
7.860000 8.860000 9.860000 10.860000 11.860000 12.860000 13.860000 14.860000 15.860000 16.860001 
17.860001 18.860001 19.860001 20.860001 21.860001 22.860001 23.860001 24.860001 25.860001 26.860001 
27.860001 28.860001 29.860001 30.860001 31.860001 32.860001 33.860001 34.860001 35.860001 36.860001 
37.860001 38.860001 39.860001 40.860001 41.860001 42.860001 43.860001 44.860001 45.860001 46.860001 
47.860001 48.860001 49.860001 50.860001 51.860001 52.860001 53.860001 54.860001 55.860001 56.860001 
57.860001 58.860001 59.860001 60.860001 61.860001 62.860001 63.860001 64.860001 65.860001 66.860001 
67.860001 68.860001 69.860001 70.860001 71.860001 72.860001 73.860001 74.860001 75.860001 76.860001 
77.860001 78.860001 79.860001 80.860001 81.860001 82.860001 83.860001 84.860001 85.860001 86.860001 
87.860001 88.860001 89.860001 90.860001 91.860001 92.860001 93.860001 94.860001 95.860001 96.860001 
3.140000 6.280000 9.420000 12.560000 15.700001 18.840000 21.980001 25.120001 28.260000 31.400002 
34.540001 37.680000 40.820000 43.960003 47.100002 50.240002 53.380001 56.520000 59.660004 62.800003 
65.940002 69.080002 72.220001 75.360001 78.500000 81.639999 84.780006 87.920006 91.060005 94.200005 
97.340004 100.480003 103.620003 106.760002 109.900002 113.040001 116.180000 119.320007 122.460007 125.600006 
128.740005 131.880005 135.020004 138.160004 141.300003 144.440002 147.580002 150.720001 153.860001 157.000000 
160.139999 163.279999 166.419998 169.560013 172.700012 175.840012 178.980011 182.120010 185.260010 188.400009 
191.540009 194.680008 197.820007 200.960007 204.100006 207.240005 210.380005 213.520004 216.660004 219.800003 
222.940002 226.080002 229.220001 232.360001 235.500015 238.640015 241.780014 244.920013 248.060013 251.200012 
254.340012 257.480011 260.619995 263.760010 266.899994 270.040009 273.180023 276.320007 279.460022 282.600006 
285.740021 288.880005 292.020020 295.160004 298.300018 301.440002 304.580017 307.720001 310.860016 314.000000 
0.318471 0.636943 0.955414 1.273885 1.592357 1.910828 2.229299 2.547771 2.866242 3.184713 
3.503185 3.821656 4.140127 4.458599 4.777070 5.095541 5.414012 5.732484 6.050955 6.369427 
6.687898 7.006369 7.324841 7.643312 7.961783 8.280254 8.598726 8.917197 9.235668 9.554140 
9.872611 10.191082 10.509554 10.828025 11.146497 11.464968 11.783439 12.101911 12.420382 12.738853 
13.057324 13.375795 13.694267 14.012738 14.331210 14.649681 14.968152 15.286624 15.605095 15.923567 
16.242037 16.560509 16.878981 17.197453 17.515923 17.834394 18.152866 18.471336 18.789808 19.108280 
19.426750 19.745222 20.063694 20.382164 20.700636 21.019108 21.337580 21.656050 21.974522 22.292994 
22.611464 22.929935 23.248407 23.566877 23.885349 24.203821 24.522293 24.840763 25.159235 25.477707 
25.796177 26.114649 26.433121 26.751591 27.070063 27.388535 27.707005 28.025476 28.343948 28.662420 
28.980890 29.299362 29.617834 29.936304 30.254776 30.573248 30.891718 31.210190 31.528662 31.847134 
